# Created by Octave 5.2.0, Fri Feb 04 21:35:02 2022 CET <marc@DESKTOP-JV68U8A>
# name: G
# type: matrix
# rows: 16
# columns: 4
 1.5451912460881216 -0.59843774267565131 0.008308602052050711 -0.73152055148824602
 1.0187443563053777 -0.0018327947605633666 0.65234553494063274 0.1407593326175457
 0.24622153446721501 -1.7131600132847586 1.0697400385913773 -0.012182274466071228
 -0.7419906914250054 0.31663547276717174 0.8931998373021649 -1.5594079648304897
 0.1254543704354682 0.45937946766589355 0.70426729279312172 1.1881362566504203
 0.22524202277127067 -0.20016462626737894 0.42946937753919945 -0.55638799831284247
 -1.76472242622682 -0.58074971289694199 -1.4675149839898716 0.58797892506828942
 0.12659834059062369 -0.33910255435565317 1.9197612544432006 -1.1472622104956862
 -0.23052181598212976 -0.69257740173569049 -1.7376721166470486 1.3788116715692611
 0.26985277245672612 0.079883480631540812 1.5003136751149435 0.1162081524806977
 -1.0795645137460346 0.51519155721283649 0.47213443094561103 0.84124901161756538
 0.90058116174226321 0.75017983895136031 0.2364606678289401 0.065251773979227171
 -1.7967228873687551 0.44415295750144357 -1.4731075710064641 1.4033383209813901
 -0.51636363816558639 -0.36733208707824627 1.1406837766230156 0.091175608027153812
 0.097139789448587116 0.52990920212394399 -0.013497454527779586 0.76073565035392865
 -1.0071603976635548 -3.0456809115398595 -1.1529116789549694 0.97095546065428329


