# Created by Octave 5.2.0, Thu Feb 03 23:03:11 2022 CET <marc@DESKTOP-JV68U8A>
# name: x0
# type: matrix
# rows: 256
# columns: 1
 -0.61548929819980636
 -0.31582658158596394
 0.81407820860543745
 2.4120984718824174
 0.2081022277883732
 -0.48136564005057342
 -1.1721500366238358
 -1.043977433315856
 -0.4463195732075016
 1.3883061005340358
 -0.50207782778351107
 0.33285402174441558
 -0.19025057858021338
 0.39224125109166558
 0.15680869266572867
 0.57495775876856359
 -0.079731177810157053
 -0.17721817701785816
 1.2370062789467913
 1.2050506995936767
 0.96811994124093836
 0.90976681372798895
 0.41903812274011293
 0.21969529512945934
 0.63694676305013187
 -0.23733350368114942
 1.1689530588870782
 0.63189304525110235
 0.41858192658633814
 -0.32873596536168936
 -0.32213211719786966
 -1.2886766926690618
 -0.086433045183320303
 -0.86702325537878289
 -0.25575061154131851
 1.2283258696032573
 0.33815298609343697
 0.9548674555171861
 0.50244722399749875
 1.0677609629764502
 -0.16056641560732721
 0.038291479573952236
 -0.28780295886168827
 1.2950037242180847
 0.11088071783725878
 -0.93929236743771005
 0.086861896906536687
 0.11335969918221633
 0.92477423922055868
 0.4437891023645007
 -0.73644540178383044
 -1.3268523041806968
 -0.69864553334679169
 -0.42435693742729164
 1.0488359912783058
 -1.7682142562784624
 0.31107196437869289
 -0.071333035015495913
 -0.52487065894546103
 1.3162870265798259
 0.58542613695257695
 0.91726678400669281
 -0.61857298602890232
 1.9705645607340088
 -0.78788255406645991
 0.35092974358578127
 -0.39882570058293965
 -1.4098099574966769
 0.44627172504073531
 -2.0943566281237458
 -0.131467954932624
 -0.0018918358509975863
 -0.2159084117067418
 -0.52484491672224565
 -0.94835135892776479
 -0.43187112757928864
 2.1694246286364107
 -0.98071440962846979
 0.91421112766893797
 -0.052254093489150097
 0.57358690504986531
 0.33050424502825626
 -1.2841210047098472
 0.50276655388983116
 0.62932497226722395
 0.61497520548171325
 -1.0699423409396762
 -0.33100110538321786
 0.11958664977885071
 0.29871303889839679
 0.50861473578558725
 -0.39495159334982533
 -0.39053255305682588
 -1.0259328733408017
 -1.1864160395813474
 -0.98099829847146403
 0.73255722344533425
 0.11058400217095188
 -0.74988464689751344
 -0.9916857008604737
 -1.5810570012145218
 0.94415983691004091
 0.88144278519004826
 -0.32734717208584119
 0.15955578317877336
 0.16178823127095088
 -1.3113702031963703
 -0.41001013829136551
 -1.3118297090261051
 -0.60408326954589331
 0.06405166175432693
 -0.77575518032608837
 1.4134134454233493
 0.88013793261846773
 -1.3990733125536043
 -0.27757405616765007
 -0.90029655325569835
 1.0820531292516378
 -0.035415588632209144
 -1.1897428191932382
 0.73800951364510237
 0.75661234554247725
 0.99855176499676268
 -0.96734086656001894
 -0.3760186085583469
 0.28604636723587529
 0.39009820182342675
 -0.30265460552031537
 -2.779198997598284
 -1.2708437872721043
 -2.1203627285675322
 0.78009100000423892
 0.17041311776260887
 -1.1961628035900083
 1.6933355309758773
 0.86924128107746512
 0.38816565496810435
 1.0530375108669936
 0.41326428500056717
 0.39173396372001457
 0.73492042458455809
 0.88541034234262939
 0.78036259432642197
 -1.3283977285949173
 -0.15790356088800336
 1.5187309631247734
 0.54550613642783197
 0.91749291976960179
 0.37625554824200097
 1.1129729438227713
 -0.96261023286246639
 -0.26887255966528317
 -1.1412596131092272
 0.32783284686047043
 -1.5128862618734595
 0.42222532764046206
 -0.69527118615914707
 -0.187280469448591
 -0.40122918535393481
 0.84254372406125089
 1.0239035200742439
 0.15506802360375199
 0.51217384847045078
 -0.27417887015535475
 -0.83674603623114785
 -0.41663153040241679
 -0.26609234985704022
 0.35965980357431182
 -0.58879939379293489
 0.079340571715350292
 0.069769321021769914
 0.83122003749609674
 0.10719531109098403
 -0.20226015414170931
 0.46599349863477335
 0.69390672651589547
 -0.32008921578061034
 -0.15608320645345689
 -0.98643014269275164
 -0.81412418916534735
 -0.046164475109979231
 -0.43237509788360795
 0.31535496691374887
 -0.57730266420895116
 -0.28294445759341547
 -0.28567765401597162
 -0.36222309451707196
 -0.23478708969123729
 -0.80891096420452002
 -0.85354653692009985
 -1.465115645054065
 -1.1358231287703189
 0.33599533067954546
 1.2061347223915337
 0.95614589638168879
 -0.16326574822325343
 -0.82088342543124304
 1.7829803914997051
 -0.35766727633901646
 -0.43846800151838833
 -0.096051450329414534
 -0.096009362684304114
 -0.67878214834975015
 0.26734236703029191
 0.38500436319151077
 0.17074521501299592
 0.35028342941088975
 0.23741864369799393
 -0.52445986370740183
 0.28821196690858963
 0.34922577313974984
 -0.41678737395950416
 0.23208300786993394
 0.11486331493528312
 0.11815087823374637
 0.05603160569721892
 0.31851232390210604
 0.47784075299259227
 -0.86432211218440669
 0.19564459057410322
 -0.15785232662750553
 -0.84134787434446046
 0.061521053272577272
 -0.63567090450732677
 1.052489647179671
 0.65841222530249677
 1.0214874845141624
 0.20470040417431279
 -1.1798401309553699
 2.6871064456788769
 0.6305500494398234
 -0.21844358317801521
 0.2341298836645106
 1.0158665551796693
 -0.65024638867520113
 0.47011090548212564
 0.074636577742046045
 1.4299986736386028
 0.24271663714204234
 0.25510246103414691
 -0.91164885120901107
 -0.89372798581105639
 0.60991843005185453
 -1.0606550036127895
 -1.1610424002501236
 -0.048254336215414348
 -0.54742635240061488
 0.38280526746517241
 -1.3623492234947627
 0.063753370836213227
 -0.67537092084303674
 0.19425969454738551
 1.5605597541226133
 -0.59829510668519925
 -0.33096412914939094
 -0.0043421357666390947


