# Created by Octave 5.2.0, Fri Feb 04 19:04:18 2022 CET <marc@DESKTOP-JV68U8A>
# name: y
# type: matrix
# rows: 1024
# columns: 1
 -14.018833800306265
 12.333424208527553
 0.18577346268677206
 26.215033307849691
 -0.80588874238129216
 1.8891037070625849
 -16.598819389757661
 0.84296952482235532
 -3.7784267165063237
 12.993391890889457
 19.435277633788697
 -26.020005306199511
 -4.2299082904175371
 -32.661782758776518
 18.258500682629133
 5.1945345862421819
 0.61227596265293871
 -13.040877404989391
 3.2119857647173014
 32.189482565198247
 18.853755921576578
 -11.340142428210505
 -0.09316690444343026
 -21.028413607032753
 29.912866420541178
 -0.53745823691607897
 2.8180827017332621
 -1.469462302163496
 1.4628128352405736
 16.664929706628342
 9.4851111791595635
 20.714500081966214
 12.602713614221381
 -1.0103363303078048
 -2.9241811005203551
 0.6532522214727664
 2.0805514180641018
 6.3346630689445025
 -19.62161146667113
 0.77138014323990545
 22.279136623834425
 -12.533574047752232
 5.5213597590617782
 1.6817838027953396
 0.76033095028965847
 0.339165007155663
 -4.4090871001430134
 8.6268374193804558
 -0.75307557422662552
 -23.534302587277608
 -1.5362269728309803
 -31.733867043013792
 -12.082819163886434
 13.036265624551961
 -21.717453748970698
 10.18306355734696
 -14.782105507870085
 -0.88839806130387899
 -0.38641964511651961
 -8.4432744456300117
 -0.40908302922570056
 1.3660494354119623
 -19.332982722126783
 -22.18605376724561
 -1.9533811537633847
 -31.984067559071658
 -5.9200796726984679
 21.201018638499466
 -0.54970632158098831
 8.7324157722970916
 -0.9009430690257435
 -14.438281375665944
 -19.622750925805089
 3.5514608522593392
 24.984989801030014
 19.36698253612278
 22.743660132380146
 -7.6211981124590187
 -1.7557512029324953
 19.304630651868422
 14.345298013310121
 -6.5495609152948866
 -37.898933869863406
 10.386384633027243
 20.708107790804164
 13.409591441671838
 -0.67754833471167908
 -15.380303107732704
 4.3676181616877461
 4.1619473627961776
 1.393052500401901
 24.26151971086653
 -0.95817390928129376
 20.754144408848614
 -12.453432899930649
 -14.651821668369967
 7.4207812190189726
 15.14194984743866
 -25.795244242344488
 -19.45338317309961
 1.7214855047507687
 11.887108284018447
 41.896394434712107
 -0.032497716217118902
 -5.2726921797268957
 -5.1858490590883211
 -31.880598712195365
 16.79463901695425
 -6.2165338415163642
 -0.89075137186494746
 -15.641901557572723
 -9.0490780763868894
 -0.56539017584964568
 0.57340192605291973
 28.230763598913001
 -3.2717037109710301
 -21.717386629512337
 5.6772839861480406
 11.919988033294826
 -17.347745778580922
 19.739801828618862
 15.387407483921644
 22.375934927163666
 27.789183264620828
 17.771648954171027
 -0.69008307277622494
 26.297833906103676
 19.056257990264633
 1.6571225153660376
 0.46902356559103975
 -12.004542831319306
 -12.61661063678558
 1.7610291167843184
 -0.036797820917805348
 -12.131831232975888
 0.34304847986754972
 17.830133681112521
 -47.275303811351975
 -10.403500180269358
 11.651065776243152
 0.16860549268670391
 14.531198506387554
 -0.97817272092974106
 7.7985482460626665
 8.4112864669148397
 -0.69508007731484711
 10.584605100953288
 -3.5105990941037284
 -0.036040066826331346
 0.14390735268493382
 -18.968356088599233
 8.2223852093378422
 -1.1414399327061648
 0.91832231040426626
 24.161753247938698
 28.946022322582458
 24.266475628020981
 -16.564770144221519
 -16.801888340784174
 0.73712839397318497
 9.3270000298842763
 -14.182184070891491
 -4.633652757085879
 32.404672002156012
 -7.4335570369145225
 -4.861002888258275
 -24.631171305844411
 -19.556619633757798
 1.4072713794696756
 -0.90104299568512247
 -6.2671858205421005
 24.267736049183149
 -1.2149806519237329
 1.0568115907614817
 9.3322283756162197
 0.33110468970992907
 -6.4181541109500149
 -18.271644558112779
 14.941489994059182
 13.070340550293597
 0.77280296384390024
 13.430023737867174
 -24.123137970787223
 -20.530990592856664
 -9.9930966448974683
 -1.3959858992571275
 6.1166670328151058
 8.7198084832942726
 1.1480552882131276
 -24.010885889960509
 -7.5098736763708054
 -14.625531208422585
 9.5476415195876729
 -41.093615882798055
 -16.44530686944508
 21.962705476631516
 -16.762090497464474
 -12.151835228286387
 -6.8945253469955983
 -11.578634910072129
 10.619279174170186
 -13.030968606664773
 -4.2419645767542677
 -18.147396474462639
 -41.776036353069223
 1.1231508949594335
 -6.0243276657721969
 7.9582774225565842
 16.238296548083166
 -13.592668604418142
 15.044853860958886
 -0.57555779972644627
 -0.38640000243994654
 17.365310580329282
 -2.104346666843175
 24.53429099785965
 22.851917842230421
 -17.297188843035073
 0.17007406965463231
 -2.8004166455395589
 3.4671523728599469
 -0.058193424840450446
 0.25900369822018443
 6.7938564828676586
 -0.51641985539751589
 1.8904858679759584
 -0.61627231159273876
 -20.288649738612492
 -2.4067138287003083
 0.28779789863315774
 -25.641170129952698
 -12.714136797309799
 -4.4036433770060626
 6.5372842052673157
 -2.064717069949038
 1.0194655789415894
 35.279146824936987
 -2.1192690724947068
 -19.130406387878189
 16.039816334321774
 3.2134173037797042
 6.9969990949719252
 -27.851597036828146
 0.01625160487292223
 5.9178608725047681
 -2.6402402233847839
 -10.889976980413985
 9.2995152193944328
 -2.2143385845685866
 8.4971653465048593
 8.9648464595055994
 -0.51297346642482899
 11.222221160762162
 15.902029224580337
 -8.4081456261903291
 25.573639003140489
 -23.303176905505683
 -0.70193754491637284
 -10.878165656292417
 4.4648345617702976
 10.124587629874824
 2.1023902771324994
 6.1334917939569484
 -13.042322699079456
 8.1593764895640533
 1.5729906035377179
 22.287022624430925
 13.035590258295214
 -11.108521063578706
 29.873608551438334
 30.919749585344356
 -7.0883282517689592
 7.8015354203758687
 -19.250677114774103
 7.745292923743115
 11.114950318603396
 -17.497425611685948
 -9.8871294072028295
 -17.887986070664198
 -3.4989149139380773
 17.53414018173757
 -5.2698165083794182
 5.297935377100309
 -6.1576452778432422
 -27.289455199971243
 1.7427278923296392
 -34.39252665178028
 -28.36512924777487
 17.307530037095422
 1.0321866861396827
 1.6472838790537949
 20.350087348885324
 33.599786010010362
 12.493886405104721
 7.2892955533007644
 10.225394502296091
 20.834291742474488
 -21.647359245401361
 11.993176059822543
 -5.3868300866274845
 -22.584989654113571
 -12.015357160348399
 -5.1403905551410007
 -7.2407229940040061
 17.2499385210421
 33.5910804129703
 -19.116431465992751
 -13.083066085471273
 15.680874220560836
 1.0472675825019953
 -21.088247177571461
 21.210765696148702
 -16.76590835445128
 3.2381789157182723
 -2.2318845135684473
 1.9311001797683516
 -17.186350850843418
 12.318328813069948
 7.416951536230405
 14.729555174885803
 -31.198611997664258
 -7.2577175924319572
 8.7122705679369883
 15.868773512544387
 1.3991144244316402
 24.368719858993813
 11.319185151430585
 16.190143930637202
 -13.838549497270307
 0.30041293697765498
 0.97689968199687294
 -21.610388496856622
 5.2047366875564363
 29.653117958864389
 1.2390588977885859
 -21.845284399123123
 -0.72744989165777718
 -0.25665613343927479
 -17.391963005903833
 12.560842998839773
 -30.472870775069804
 4.6211582576356038
 0.67103147799072338
 -24.978431629143852
 -6.7446720162440119
 3.313589804417068
 -49.560883238130195
 -0.70719152977494248
 -10.486738453963572
 -12.545192245099662
 -11.08217572917405
 -9.0914340568935206
 0.32581782163009926
 -19.3052119572585
 8.1429769942562054
 18.344108069875027
 2.3388515146401723
 -14.290758412134988
 -19.871635872624271
 33.423086968318991
 -1.0242297921540315
 8.9719880190090215
 3.4174792584823162
 -13.460043341150852
 0.040783938321767632
 8.8871742068696111
 14.305765575374057
 0.14185808146691486
 -5.6602042233404397
 18.224180976676635
 -9.2025384769558585
 -3.7603548653169021
 9.1346665836014544
 2.8518345395947282
 -13.563574854322468
 -2.7948640101696052
 20.341470078318736
 7.2025114924373863
 -2.6828313438259777
 17.724084543044633
 7.2332677489488244
 9.3449693846286088
 -2.5582396800344021
