# Created by Octave 5.2.0, Fri Feb 04 21:35:02 2022 CET <marc@DESKTOP-JV68U8A>
# name: y
# type: matrix
# rows: 16
# columns: 1
 -0.3170846649991112
 0.57952322839922921
 1.7199110697701783
 0.43113698850919219
 0.49080055383593091
 0.40490834226159389
 -0.92552430655636297
 1.6616554601097175
 -0.99432786268850104
 1.2366973987977299
 -1.3191776928874626
 -0.13857094027068037
 -1.3403390441969256
 1.132953226634172
 -0.18789799725018941
 0.49867837833113471


